7.5 20.3
-18.7 18.2
-10.6 29.7
32.5 23.1
20.5 19.1
-16.6 23.5
0.9 25
0.3 20.3
-10.9 21.9
-13.7 24.3
6.2 17.3
2.6 23.9
24.2 25.2
19.5 23.6
0.7 19
7.3 16.9
1.8 20.5
8.4 16.1
5.7 20.7
-12.6 20.1
0.3 29.2
-2.4 20.5
11.4 23.6
20.7 27.3
-1.6 24.5
3.5 22.2
2.1 23.4
12.4 23.3
31.6 20.1
0 24.6
3.2 19.6
28 19.4
3.9 26
5.2 20.9
3.9 23.1
-2.2 20.1
20.1 18.3
6.4 22.8
-10 20.7
12.2 21.3
0.8 24.1
-10 21.7
7.5 29.4
3.5 25.2
8.6 14
2.9 24.1
4.2 24.9
30.6 26.3
19.8 18.9
-1 24.1
13.4 15.3
13.6 23.5
19.2 16.8
15.9 16.3
-7.3 15.5
2.9 31.1
-5.3 23.2
13.5 20.3
14 24.6
4.9 25
19.4 23.9
0.2 22.5
5.9 19.2
23.8 17
27.8 20.2
28.8 18.8
2 15.3
11.5 16.5
2.6 30.7
29.9 20.4
1.7 17.8
31.5 20.5
-5.1 15.1
3.3 24.8
5.8 20.1
-4.9 25.2
11.8 23.6
22.1 19.5
29 21.6
-4.1 22.8
-7.5 24.2
-2.1 17.6
0.3 24.5
4.3 24.1
5.8 33
6.8 23.7
13.3 28.5
28.7 19.5
0.4 23.5
-1.4 16.5
0.7 20.4
0 22.8
3.4 21.2
13.8 27.6
28.4 19.2
29.2 27.4
8.4 25.2
27.4 19.3
13.8 17.1
10.2 23.2
30.9 19.8
4.2 28
-0.8 22.7
-0.2 20.4
28.4 17.7
26.8 18.1
-5.1 27.1
3.9 23.5
0 22.8
0.8 23.8
23.2 28.4
13.4 22.1
5.6 29.9
22.5 20
6.4 22.8
24.8 25.2
1.8 23.7
23 17.1
8.6 24.2
9.9 23.1
2.1 31.8
9.6 20.1
-2.3 24.2
9.6 24.3
12.6 22.2
26.6 21.5
13.8 24.2
-0.2 26.3
4.2 19.9
-6.1 22.3
13.7 22.6
21.4 18.1
-1.3 18.8
2.6 30.9
15.1 24.2
17.5 18
5.3 22.5
13 13.8
10.3 22.9
15.9 23.3
18.3 24.8
20.8 22.1
6.2 22.2
12.9 14.5
6 20.5
20.8 20.4
22.8 21.7
16.1 25.1
0.8 24
3.1 24.3
1.7 24.2
17.5 25.5
16.5 20.3
3.8 27.2
-4.3 22.2
3.2 32.4
3.2 24.2
21.9 18.6
3.6 19.5
12.9 18.2
-2.5 19.7
1.6 17.1
33.4 24.3
0 25.9
2.4 25.1
25.9 17.8
-5.1 26.7
-0.3 23.9
7.6 23.2
3.2 20.5
3.3 21.9
2.7 23.3
30.7 28.4
-2.9 21
16 23.2
9.2 26.9
-9.1 25.1
-5.6 20.6
21.9 22
18.4 16.6
21.7 24
1.4 22.4
2.6 23.9
0.4 30.2
4.6 20
3.1 19.6
1.9 25.4
10.5 23.2
4 24.4
-6.8 21.6
10.6 21.9
19.7 27.4
19.2 18.9
-13.1 20.7
3.8 20.2
-2.5 20.7
4 18
2.4 19.5
5.1 21.6
22.4 19.7
13.6 23.6
0.9 23.4
2.6 22.6
9 24.4
16.7 22.8
6.9 21.2
3.1 29.7
-12.5 24.4
17.6 17.8
-0.4 24.3
19.1 20.7
4.4 18.6
6.5 18.1
4.3 19.8
7.1 22.9
16.7 22
3.6 27.3
1.2 18.7
-0.8 23.7
2.2 22.8
7.2 19.9
9.9 25.6
13.7 18.8
20.6 20.2
1.2 32.6
1.3 26.4
5.5 23.3
14 18.3
2.6 19.7
3.7 19.2
3.4 28.7
-3.7 16.9
15.7 18.1
0.2 23.1
9.3 24.9
14.3 17
-6.3 15.4
-8.4 22.7
2.7 21.1
3.4 23.3
21 23.5
1.2 22.7
10.5 23.2
3.2 23.9
26.8 19.6
3.6 18.6
19 27.4
16.2 20.1
4.7 25.5
-6.7 23.5
12.9 23.9
-2.5 23.1
13.4 19
-14.4 20.8
-2.6 19.7
9.8 21.9
-16.3 20
1 24.7
-1.7 24.5
9.5 21.3
25.7 25.3
13.7 23.3
1.5 23.1
-1.5 19.9
5.5 23.8
3.7 25.4
18.6 20.2
-1.2 13.8
-20.1 17.9
1.8 23.5
31.6 28.9
5.4 21
1.6 21.3
29.4 27
-10.5 24.5
1.9 26
0.5 18.1
-4.3 13.4
5.7 25.2
1.5 25.6
-2.3 23.3
30.2 20.1
-0.6 20.2
9.5 19.1
13.7 23.7
-3.6 23.3
3.5 26.1
15.2 24.5
1 23.9
23.6 19.8
4.7 21.5
13.1 21.8
1.7 19.1
5.7 22.2
-10.8 21
3.2 19.6
4 29
1.1 19.5
-3.6 25.8
3.7 24.4
2.7 24.2
0.9 21.4
6.5 20.6
13.6 17.1
21 19.7
12.2 24.1
-1.4 23.9
17.3 18.7
-5.6 24.5
4.3 28.2
23.6 17.4
16.4 23.1
-13.8 19.5
-3.5 24.1
2.2 23.7
15.1 16.1
5.7 16.9
-8.6 22.1
3.2 20.2
-2.1 21.7
0.7 22
4.2 19.5
-2.5 23.4
9.2 23.4
16.5 21.7
12.3 18.4
-3.4 16.9
21.8 23.7
5 22.1
-10.3 26.5
2.8 19.2
2.4 25.5
13.4 26.2
4.7 26.3
14 23.3
6.4 20.8
-18.2 18.5
7.2 24.1
23 21.2
32.1 29.1
18.8 24.2
-10.3 20.3
-4.5 21.9
8.6 23.4
17.6 22.7
0.7 23.3
-2.2 21.6
10.3 20.2
29 18.8
4.1 28.3
2.8 23
22.3 20.5
27.6 18.2
2.2 18.5
-0.4 22.6
16.6 17.4
-9.8 24.9
19.2 15.9
0.6 20.4
9.3 20.6
19.9 20.9
-0.5 14.6
11.4 23.7
7.1 18.3
10.5 23.9
-6.5 22.3
-0.8 24
25.4 18.1
1.1 23
2.7 25.6
10.3 20.2
31.3 23.6
-6.1 25.2
4.3 22.1
3.1 21.7
7.1 23.1
12.8 15.6
4.9 19.9
-12.2 24.8
-0.6 20
12.3 21.9
5.3 23.2
3 19.7
6.1 21.3
-17 18.5
6.9 23
22.6 22.3
8.4 23.1
7.7 21.5
17.9 24.3
19.1 19.4
-3.9 22.6
18.6 21.1
2.3 24.2
23.8 23.6
7.6 22.3
4.7 23.3
15.1 20.6
14.4 23.2
7.8 24.2
3.4 25.9
-5.4 21.3
26.7 23.8
11.3 25.2
-2 19.9
13.1 23
3.1 22.2
1.4 30.1
-0.2 23.7
15.4 18.1
9.8 23
-0.3 17.6
8.5 17.7
-9.6 25.2
2.6 23.6
15.6 25
-3.2 15.9
2.5 23.1
10.5 23.1
-2.2 17.7
16.5 19.4
1.5 23.1
-3.1 13.6
0.9 18.3
27.7 19.1
22.7 23.7
-5.8 25.2
18.2 22.9
20 21.5
-1.9 25.6
16.4 24.3
8.6 20.3
13.1 22.9
12.2 20.1
19.7 18.2
6.8 21.1
-13 22.3
8.8 33.7
3.3 24.1
34.9 21.1
7.8 19.7
-0.9 22.2
2.1 19.1
18.7 24.3
10.3 26.3
20.1 15.7
-0.6 16.7
0.1 21.5
1 23.6
-2.4 23.9
-15.5 17.5
3.9 24.6
11.7 17.4
0.3 32.7
6.4 24.3
13.4 22.1
33.4 21.8
13.1 24
15.2 20.7
-0.5 23.9
2.8 16.8
6.5 21.5
-13.8 19.2
1.3 18.8
0 18.4
3.6 15.7
-11.5 24.5
-1.2 14.2
-0.6 23.2
2.8 23.9
3.2 28.5
11 22.7
4.3 28.6
8.3 23
-1.7 21.8
-1.6 17.2
20.2 18.9
-2.4 19.5
-0.6 23.9
20 17.4
20.3 19.7
12.5 22.4
3.3 23.1
4.4 25.3
-3.5 23.6
14.5 21
11.8 23.6
-3 17.6
2.5 23.9
0.8 22.7
0.1 24.1
-0.3 23.7
-9.8 24.8
1.9 19.2
13.6 23.1
3.4 26.5
8.7 23.1
20.8 20.1
-4.4 17.5
-13.8 24.2
12.2 14.7
-11.9 19.7
27.5 19
12.1 19.2
21.4 22.2
17 16.4
2.3 16
-0.6 20.6
2.8 18.7
4.9 22.1
2 15.7
3.3 21.1
6.4 32.7
2.9 23.4
1.8 17.5
6 16.6
-8.2 20.7
0.4 14.6
0.1 19.5
-5.5 23.1
17 17.2
-1.8 16.6
1.5 30.4
-16.8 19.2
21.9 18.9
16.4 25.2
3.3 20.4
-10.6 24.2
2.2 23.4
13 23.4
15.6 22.1
-0.4 24.3
13.7 17
0.6 25.7
2.3 18.1
-0.4 21.2
15.5 20.3
21 17.4
4.2 19.6
2.3 19.9
13.1 25.2
10.9 21.3
3.9 23.5
17.8 22.4
22.4 26.4
17 19.2
1.7 28.5
8.5 23.1
10.2 24.5
13.1 23.1
3.9 25.5
2.7 26.8
16.3 22.4
12.7 15
18.8 17
16.9 19.9
-12.5 19.1
8 18.1
-9 13.4
5 23.7
13.9 23.4
4.2 24.1
-18.2 18.7
3.6 23.1
0 23.1
2.6 19.1
16 24
18.3 24.2
31.1 19.4
-9.7 24.9
-0.1 21.9
2.7 17.9
19.9 15.9
12.1 21
23.4 16.9
9.3 12.9
26.9 20.2
15.3 25.2
16.2 15
4 20.2
-1.2 24.1
1.3 21.7
0.4 15.7
-15.1 19
-1.7 15.8
15.3 22.5
-16.8 19.9
0.6 16.7
13.6 18.8
-1.8 18.2
3 23.9
19.2 19.7
10.1 15.1
-10.1 20.7
-0.6 23.1
25 20.4
-3.5 25.5
27.3 20.5
13.3 23.4
1.3 18.1
21.3 23.6
3.2 23.4
-13.3 19.2
20.8 23.8
14.7 17.1
0.7 32.8
9.6 23.9
12.2 31.2
27.2 19.9
5.6 17.3
7.2 25.6
2.9 20.5
10.7 23.4
8.4 20.5
19 16.3
-5.6 14.8
9.4 33.9
-3.2 22.9
11.3 15.7
-8.5 24.4
1.3 22.2
0.2 14.6
9.3 25
-0.7 21.3
16 21.7
6.8 36.7
-3.9 25.6
4.5 18.2
12.9 14
22.2 22.1
7.5 20.6
2.3 23.9
-6.6 24.5
10.9 14.4
11.6 19.2
11.1 24.2
14.3 17.8
4 27.4
3.2 25.5
18.6 22.9
11.3 22.4
30.5 26.7
3.6 25.7
4.1 24.7
9.2 24.9
-5.9 25
-14.3 18.6
20.9 20.4
25.5 18.5
1.2 19.5
29.5 19
3.5 19.2
-4 23.7
11.7 16.9
3 24.3
10.4 19.6
22.2 22.8
22 19.9
-3.9 14.2
5.8 25
0.6 14.8
3.7 17.8
-13.4 23.6
36 20.7
20.4 20.9
0.8 24.6
28.2 20.3
20.4 16.1
-18.3 18.7
-0.2 21.2
9.3 15.8
8.9 28.2
18.1 18.8
1.1 19.3
18.9 24.3
-0.6 25.3
16.2 19.2
-6.5 23.4
17.8 18.9
-0.7 24.3
15.1 17.6
17.2 23.2
12.1 23
15.3 17.4
-17.2 16.9
-15.5 18.5
23.7 17.6
1.5 23
0.8 18.4
-2.4 21.8
11 16.4
1.6 27.5
4.2 17.9
8.1 18
0.7 23.3
26.9 18.1
7.1 22
30.8 19.2
15.6 19.7
3.2 22.1
-1.5 19
13.6 21.6
20.4 22.8
3 29.5
2 22.5
1 13.8
20.3 18.2
3.1 26.5
4.1 23.3
9.6 20.2
4.7 25.7
3.1 24.5
14.4 23.7
-7.9 27.9
17.6 23.5
25.7 20
29.8 20.4
12.9 15.7
-9.7 20.5
-3.6 13.7
2.6 21.7
14.1 22.6
4.7 24.9
7.6 24.1
5.9 20
-0.1 26.2
21.1 19.8
20.3 16.9
21.4 22.2
2.5 24.9
14.2 18.7
3.8 23.4
9.2 23.4
0.6 18.3
21.1 18.4
-1.1 20.2
3.4 27.8
-6 22.7
3.4 26.4
-7.4 23.9
2.3 19.6
3.1 27.1
9.9 21.3
19.5 15.6
9.6 24.8
18.9 27.4
2.9 15.4
4.1 18.8
2.6 24.3
16.2 22.3
18.3 20.7
12.2 22.6
1.4 18.7
11.6 23.9
17.4 19.3
-6.2 15
-7.3 22.3
4.9 19.4
0.7 23.4
-12.9 19.3
17.6 17.7
12.9 32.7
1 24
10.1 31.2
31.5 19.4
6.2 20.4
-0.2 24.8
7.4 19.1
17.5 21.2
-0.6 24.2
5.8 19.8
-5 26.7
11.7 20.9
20.8 15.8
8.3 19.9
6.8 17.7
-2.8 30.5
1.8 23.6
11.6 23
4.1 21.7
9.9 24.7
11.8 21.1
-12.9 15.9
15.8 23.3
-16.4 17.4
6 21.5
23.2 23.1
4.7 24.6
2.9 25.5
12.5 24.4
9.6 21.1
14.5 24.6
31.6 19.9
3 22.5
-4.4 29.6
0 20.3
-0.5 20
-3.6 14.5
18.1 33.1
0.1 24.8
0.5 22.1
1.9 22.1
-4.5 14.9
-3 19.1
-17.3 18.8
23 19.3
-6 23.2
15.3 22.4
-11.9 22.8
3.8 21.8
2 25.1
16 14.5
2.1 20.7
15.6 20.9
13.4 21.8
18.7 22.3
0.7 28.4
1.6 26.8
5.9 20.2
-4.3 24.7
11.4 14.6
37.4 22.6
10.8 20.6
20.4 24.3
-0.1 24.1
-2.9 20.6
-0.9 24.1
8.3 26
2.5 23.2
2.8 20.1
-4.6 15.3
-0.1 19.3
5 23.9
1.2 24.6
-5 23.1
-0.2 24.1
8.2 21.9
17.2 19.1
13.1 20.3
18 15.8
3.6 24.9
13.4 25.3
0 22.6
3.3 21.9
3.9 28.5
14.2 22.1
22 17.9
3.2 20.7
0.5 22.5
4.2 22.1
-2.4 19.8
-3.9 15.8
10.1 23.9
4.4 21.1
5.9 29.8
10.4 22.1
35.7 22.1
23.7 23.1
4.5 22.9
2.9 23.9
1.6 15.2
-2 20.3
22.9 17.3
32.6 20.2
-3.6 13.5
13 23.3
5.8 22.6
4.8 24
4 26.1
1.8 18.8
2.5 22.2
-2.7 13.5
7.7 13.1
4 20.4
9.3 29.4
-0.4 21.1
-1.7 19.1
17.2 22.2
-0.6 20
1.6 17.8
10.7 23.3
4 20.2
10 28.6
1.8 26.8
-15.2 18.3
-2.9 21.9
12.5 23.2
0 18
19.9 23.8
-2.9 21.2
22.8 19.7
12.6 17
25 22.3
3.8 24.9
-16.6 18.9
-0.4 24.1
3.1 24
9.1 19.2
0.8 30.7
2.7 22.8
-12.9 18.4
14.9 18.4
-5.1 22.7
3.5 26.6
4.7 19.1
22.6 20.4
2.8 23.6
-2.4 18.5
3.3 24.6
1.4 17.7
30.9 28.7
-13.1 18.9
19.6 24.2
-1.5 22.3
10.1 19.5
20.9 22.2
-1.2 23
1.4 24.6
1.9 16.4
2.4 23.8
6.6 20.4
4.7 25.4
3.2 24.6
22.6 26.6
24.6 20.9
-4.7 17.2
12.8 15.7
1.3 24.6
2.8 20.1
20.4 24.3
4.8 16.7
-0.6 26.5
15 25.3
3.1 26.2
14.6 17.5
3.1 21.2
-12.6 19.7
1.4 24.4
2.4 17.7
14.7 16.9
16.8 20.7
-9.5 19.8
0.6 18.6
25.1 23.2
18.5 21.2
18.7 22
7.7 28.1
21.6 23.9
-5.3 24.3
3.8 28.3
4.9 21.1
3.5 20.7
19.2 15.1
22 21.4
20.5 21.2
13.1 22.7
11.2 23.3
22.9 25.1
-0.3 24.9
6.3 22.9
3.2 22.5
2.9 26.4
1.9 24.1
6.1 21.4
13.5 21.8
3.3 23.4
6.5 21.5
3.2 26.8
20.2 19.2
2 23.9
11.6 16
12.4 24.2
18 19.7
1 21.4
17.5 20.4
3.8 21.8
35.5 21.5
-6.3 15.2
2.5 22.4
10.2 20.9
15.3 12.4
-8.6 26.8
7 25.1
1 32.7
21.3 17.3
7.9 24.1
14.1 22.6
-8.4 22.7
-1.6 20.6
1 20.3
-0.8 25.1
15 24.9
2.4 24.8
-2 14
-0.2 24.2
18.6 23
3.6 26.7
15.2 27.4
1.5 24.1
13.2 24.1
